   40
Q6C290_YAR  0.000000  0.940160  0.536989  0.753313  0.463663  0.562089
  0.479001  0.525233  0.665719  0.585387  1.472733  0.520972  0.319407
  0.520972  0.537083  0.604052  0.572307  0.522083  0.540178  0.522083
  0.351149  0.517319  0.479001  0.709319  0.558779  0.554649  0.433884
  0.360811  0.884638  0.357644  0.447022  0.660695  0.433884  0.497182
  0.433884  0.716938  0.623278  0.541938  0.665719  0.479001
C4M8F6_ENT  0.940160  0.000000  0.978840  1.000854  1.077714  0.972493
  1.136699  0.727059  1.336466  1.298707  1.395589  1.207948  0.886279
  1.207948  1.309533  1.308292  1.105425  1.178793  1.067353  1.178793
  1.049406  0.976670  1.136699  0.935772  0.869862  1.122866  1.052082
  1.118322  1.226632  0.859071  1.109848  1.335521  1.052082  1.029914
  1.052082  1.128554  1.219305  1.014474  1.336466  1.136699
A5C8S5_VIT  0.536989  0.978840  0.000000  0.684181  0.422584  0.097140
  0.320975  0.579891  0.579628  0.582253  1.207066  0.354336  0.478831
  0.354336  0.544462  0.566113  0.616508  0.326542  0.584055  0.326542
  0.478551  0.550188  0.320975  0.686622  0.639542  0.673781  0.426115
  0.394456  0.655584  0.417606  0.323350  0.601941  0.426115  0.417500
  0.426115  0.657119  0.720888  0.071276  0.579628  0.320975
Q4DSQ4_TRY  0.753313  1.000854  0.684181  0.000000  0.666325  0.701056
  0.679492  0.761910  1.134919  1.085748  1.180402  0.731404  0.639810
  0.731404  1.082079  1.111253  0.758063  0.710182  0.724234  0.710182
  0.660330  0.700216  0.679492  0.209889  0.879969  0.705256  0.661061
  0.662749  1.056211  0.644047  0.674020  1.133823  0.661061  0.788470
  0.661061  0.878874  0.877024  0.788326  1.134919  0.679492
B4KHP5_DRO  0.463663  1.077714  0.422584  0.666325  0.000000  0.397741
  0.164297  0.558065  0.672622  0.617562  1.119913  0.195055  0.476739
  0.195055  0.570258  0.601980  0.410530  0.133426  0.380409  0.133426
  0.363649  0.351063  0.164297  0.632041  0.530407  0.362670  0.022804
  0.211297  0.774865  0.383128  0.192414  0.635425  0.022804  0.331068
  0.022804  0.711946  0.463692  0.434436  0.672622  0.164297
P59232_ARA  0.562089  0.972493  0.097140  0.701056  0.397741  0.000000
  0.329975  0.554718  0.569534  0.591445  1.104890  0.364610  0.474591
  0.364610  0.534184  0.575386  0.606922  0.335769  0.574627  0.335769
  0.477173  0.506480  0.329975  0.718881  0.656017  0.608862  0.395340
  0.345894  0.707797  0.477851  0.327996  0.610729  0.395340  0.368427
  0.395340  0.594316  0.620846  0.124884  0.569534  0.329975
B2RDW1_HUM  0.479001  1.136699  0.320975  0.679492  0.164297  0.329975
  0.000000  0.561796  0.634065  0.657753  1.242717  0.023083  0.499748
  0.023083  0.532629  0.641782  0.433033  0.047645  0.401615  0.047645
  0.313788  0.315020  0.000010  0.653356  0.557882  0.386719  0.192414
  0.096701  0.724401  0.446994  0.022827  0.674781  0.192414  0.216351
  0.192414  0.664933  0.607939  0.312613  0.634065  0.000010
P05759_YEA  0.525233  0.727059  0.579891  0.761910  0.558065  0.554718
  0.561796  0.000000  0.909639  0.929461  1.407885  0.607283  0.376397
  0.607283  0.822724  0.936282  0.605957  0.603231  0.573844  0.603231
  0.575561  0.490749  0.561796  0.780066  0.268365  0.592863  0.553597
  0.498154  1.079231  0.456674  0.557302  0.941060  0.553597  0.607102
  0.553597  0.766648  0.821689  0.526167  0.909639  0.561796
Q4YSP0_PLA  0.665719  1.336466  0.579628  1.134919  0.672622  0.569534
  0.634065  0.909639  0.000000  0.098469  1.342609  0.679060  0.807399
  0.679060  0.097767  0.073407  0.677328  0.648161  0.644006  0.648161
  0.694065  0.620919  0.634065  1.066284  0.729494  0.853684  0.672622
  0.639567  0.843551  0.574237  0.634065  0.024110  0.672622  0.623343
  0.672622  0.754773  0.658982  0.573294  0.000010  0.634065
A5K1J9_PLA  0.585387  1.298707  0.582253  1.085748  0.617562  0.591445
  0.657753  0.929461  0.098469  0.000000  1.355059  0.704923  0.779683
  0.704923  0.098970  0.024228  0.665212  0.672601  0.631595  0.672601
  0.600320  0.642352  0.657753  1.013439  0.859356  0.796600  0.617562
  0.628935  0.882873  0.555753  0.657753  0.073238  0.617562  0.641153
  0.617562  0.718374  0.582813  0.575602  0.098469  0.657753
A8BNY1_GIA  1.472733  1.395589  1.207066  1.180402  1.119913  1.104890
  1.242717  1.407885  1.342609  1.355059  0.000000  1.317880  1.265486
  1.317880  1.312086  1.343798  1.160991  1.243695  1.204120  1.243695
  1.251293  1.350853  1.242717  1.139339  1.441494  1.267626  1.119913
  1.225241  1.356600  1.079581  1.242717  1.354975  1.119913  1.279915
  1.119913  1.195389  1.021767  1.246913  1.342609  1.242717
Q6PED0_RAT  0.520972  1.207948  0.354336  0.731404  0.195055  0.364610
  0.023083  0.607283  0.679060  0.704923  1.317880  0.000000  0.543106
  0.000010  0.575987  0.688378  0.473244  0.072753  0.441220  0.072753
  0.349176  0.349987  0.023083  0.701806  0.602974  0.425169  0.223815
  0.123053  0.777724  0.488084  0.046452  0.721114  0.223815  0.247588
  0.223815  0.716847  0.654436  0.345211  0.679060  0.023083
O60036_CAN  0.319407  0.886279  0.478831  0.639810  0.476739  0.474591
  0.499748  0.376397  0.807399  0.779683  1.265486  0.543106  0.000000
  0.543106  0.696829  0.802788  0.653666  0.468043  0.621128  0.468043
  0.276209  0.550840  0.499748  0.612912  0.428197  0.506917  0.472962
  0.442344  0.818220  0.322881  0.495663  0.836142  0.472962  0.553571
  0.472962  0.797534  0.681287  0.494723  0.807399  0.499748
P62983_MOU  0.520972  1.207948  0.354336  0.731404  0.195055  0.364610
  0.023083  0.607283  0.679060  0.704923  1.317880  0.000010  0.543106
  0.000000  0.575987  0.688378  0.473244  0.072753  0.441220  0.072753
  0.349176  0.349987  0.023083  0.701806  0.602974  0.425169  0.223815
  0.123053  0.777724  0.488084  0.046452  0.721114  0.223815  0.247588
  0.223815  0.716847  0.654436  0.345211  0.679060  0.023083
Q8IM64_PLA  0.537083  1.309533  0.544462  1.082079  0.570258  0.534184
  0.532629  0.822724  0.097767  0.098970  1.312086  0.575987  0.696829
  0.575987  0.000000  0.073767  0.725660  0.545757  0.691990  0.545757
  0.662382  0.654118  0.532629  1.000339  0.733292  0.825254  0.570258
  0.538403  0.860305  0.469165  0.532629  0.123887  0.570258  0.562404
  0.570258  0.679476  0.703532  0.537970  0.097767  0.532629
B3LAY3_PLA  0.604052  1.308292  0.566113  1.111253  0.601980  0.575386
  0.641782  0.936282  0.073407  0.024228  1.343798  0.688378  0.802788
  0.688378  0.073767  0.000000  0.648868  0.656401  0.615386  0.656401
  0.619376  0.622703  0.641782  1.041741  0.835776  0.819774  0.601980
  0.647432  0.862915  0.560544  0.641782  0.048531  0.601980  0.674984
  0.601980  0.677746  0.581190  0.559493  0.073407  0.641782
P37165_CAE  0.572307  1.105425  0.616508  0.758063  0.410530  0.606922
  0.433033  0.605957  0.677328  0.665212  1.160991  0.473244  0.653666
  0.473244  0.725660  0.648868  0.000000  0.445726  0.022417  0.445726
  0.505846  0.213878  0.433033  0.706232  0.675220  0.360946  0.407273
  0.378337  0.836325  0.562660  0.429500  0.676168  0.407273  0.589996
  0.407273  0.610184  0.602530  0.572963  0.677328  0.433033
Q4RGY9_TET  0.522083  1.178793  0.326542  0.710182  0.133426  0.335769
  0.047645  0.603231  0.648161  0.672601  1.243695  0.072753  0.468043
  0.072753  0.545757  0.656401  0.445726  0.000000  0.413477  0.000010
  0.351593  0.358685  0.047645  0.669345  0.613328  0.357226  0.160718
  0.125940  0.704475  0.450659  0.071896  0.689405  0.160718  0.253645
  0.160718  0.721852  0.616878  0.334521  0.648161  0.047645
P37164_CAE  0.540178  1.067353  0.584055  0.724234  0.380409  0.574627
  0.401615  0.573844  0.644006  0.631595  1.204120  0.441220  0.621128
  0.441220  0.691990  0.615386  0.022417  0.413477  0.000000  0.413477
  0.473668  0.186545  0.401615  0.674240  0.643008  0.361994  0.377340
  0.348477  0.800357  0.530593  0.398276  0.642847  0.377340  0.556307
  0.377340  0.576560  0.568857  0.541067  0.644006  0.401615
Q7ZU62_DAN  0.522083  1.178793  0.326542  0.710182  0.133426  0.335769
  0.047645  0.603231  0.648161  0.672601  1.243695  0.072753  0.468043
  0.072753  0.545757  0.656401  0.445726  0.000010  0.413477  0.000000
  0.351593  0.358685  0.047645  0.669345  0.613328  0.357226  0.160718
  0.125940  0.704475  0.450659  0.071896  0.689405  0.160718  0.253645
  0.160718  0.721852  0.616878  0.334521  0.648161  0.047645
A1CKM6_ASP  0.351149  1.049406  0.478551  0.660330  0.363649  0.477173
  0.313788  0.575561  0.694065  0.600320  1.251293  0.349176  0.276209
  0.349176  0.662382  0.619376  0.505846  0.351593  0.473668  0.351593
  0.000000  0.372684  0.313788  0.616521  0.630937  0.431878  0.360695
  0.320570  0.916255  0.441897  0.311220  0.654484  0.360695  0.418598
  0.360695  0.686157  0.533936  0.496852  0.694065  0.313788
A8NSV0_BRU  0.517319  0.976670  0.550188  0.700216  0.351063  0.506480
  0.315020  0.490749  0.620919  0.642352  1.350853  0.349987  0.550840
  0.349987  0.654118  0.622703  0.213878  0.358685  0.186545  0.358685
  0.372684  0.000000  0.315020  0.702512  0.557039  0.413303  0.348359
  0.250399  0.852346  0.534342  0.312474  0.662022  0.348359  0.417585
  0.348359  0.571423  0.558319  0.509988  0.620919  0.315020
Q28FM7_XEN  0.479001  1.136699  0.320975  0.679492  0.164297  0.329975
  0.000010  0.561796  0.634065  0.657753  1.242717  0.023083  0.499748
  0.023083  0.532629  0.641782  0.433033  0.047645  0.401615  0.047645
  0.313788  0.315020  0.000000  0.653356  0.557882  0.386719  0.192414
  0.096701  0.724401  0.446994  0.022827  0.674781  0.192414  0.216351
  0.192414  0.664933  0.607939  0.312613  0.634065  0.000010
A4HNS0_LEI  0.709319  0.935772  0.686622  0.209889  0.632041  0.718881
  0.653356  0.780066  1.066284  1.013439  1.139339  0.701806  0.612912
  0.701806  1.000339  1.041741  0.706232  0.669345  0.674240  0.669345
  0.616521  0.702512  0.653356  0.000000  0.832081  0.675086  0.627222
  0.622735  0.928452  0.651167  0.648305  1.065119  0.627222  0.762100
  0.627222  0.863567  0.803297  0.785653  1.066284  0.653356
C5DSY8_ZYG  0.558779  0.869862  0.639542  0.879969  0.530407  0.656017
  0.557882  0.268365  0.729494  0.859356  1.441494  0.602974  0.428197
  0.602974  0.733292  0.835776  0.675220  0.613328  0.643008  0.613328
  0.630937  0.557039  0.557882  0.832081  0.000000  0.725174  0.530407
  0.592788  1.100846  0.529121  0.557882  0.755811  0.530407  0.639493
  0.530407  0.832136  0.816937  0.618075  0.729494  0.557882
P14797_DIC  0.554649  1.122866  0.673781  0.705256  0.362670  0.608862
  0.386719  0.592863  0.853684  0.796600  1.267626  0.425169  0.506917
  0.425169  0.825254  0.819774  0.360946  0.357226  0.361994  0.357226
  0.431878  0.413303  0.386719  0.675086  0.725174  0.000000  0.333820
  0.307087  0.892090  0.531504  0.356174  0.852476  0.333820  0.472431
  0.333820  0.683524  0.584548  0.670570  0.853684  0.386719
B4HWN7_DRO  0.433884  1.052082  0.426115  0.661061  0.022804  0.395340
  0.192414  0.553597  0.672622  0.617562  1.119913  0.223815  0.472962
  0.223815  0.570258  0.601980  0.407273  0.160718  0.377340  0.160718
  0.360695  0.348359  0.192414  0.627222  0.530407  0.333820  0.000000
  0.184355  0.774865  0.383128  0.164789  0.635425  0.000010  0.301031
  0.000010  0.719312  0.432143  0.431711  0.672622  0.192414
A7RJ25_NEM  0.360811  1.118322  0.394456  0.662749  0.211297  0.345894
  0.096701  0.498154  0.639567  0.628935  1.225241  0.123053  0.442344
  0.123053  0.538403  0.647432  0.378337  0.125940  0.348477  0.125940
  0.320570  0.250399  0.096701  0.622735  0.592788  0.307087  0.184355
  0.000000  0.786844  0.418412  0.072303  0.680203  0.184355  0.156012
  0.184355  0.647526  0.542081  0.349154  0.639567  0.096701
A0CT93_PAR  0.884638  1.226632  0.655584  1.056211  0.774865  0.707797
  0.724401  1.079231  0.843551  0.882873  1.356600  0.777724  0.818220
  0.777724  0.860305  0.862915  0.836325  0.704475  0.800357  0.704475
  0.916255  0.852346  0.724401  0.928452  1.100846  0.892090  0.774865
  0.786844  0.000000  0.886792  0.724401  0.846473  0.774865  0.705390
  0.774865  1.064945  0.898664  0.704024  0.843551  0.724401
P0C8R3_SCH  0.357644  0.859071  0.417606  0.644047  0.383128  0.477851
  0.446994  0.456674  0.574237  0.555753  1.079581  0.488084  0.322881
  0.488084  0.469165  0.560544  0.562660  0.450659  0.530593  0.450659
  0.441897  0.534342  0.446994  0.651167  0.529121  0.531504  0.383128
  0.418412  0.886792  0.000000  0.446994  0.596353  0.383128  0.537471
  0.383128  0.724013  0.537859  0.420644  0.574237  0.446994
P79781_CHI  0.447022  1.109848  0.323350  0.674020  0.192414  0.327996
  0.022827  0.557302  0.634065  0.657753  1.242717  0.046452  0.495663
  0.046452  0.532629  0.641782  0.429500  0.071896  0.398276  0.071896
  0.311220  0.312474  0.022827  0.648305  0.557882  0.356174  0.164789
  0.072303  0.724401  0.446994  0.000000  0.674781  0.164789  0.189206
  0.164789  0.671757  0.574463  0.310818  0.634065  0.022827
Q4XE77_PLA  0.660695  1.335521  0.601941  1.133823  0.635425  0.610729
  0.674781  0.941060  0.024110  0.073238  1.354975  0.721114  0.836142
  0.721114  0.123887  0.048531  0.676168  0.689405  0.642847  0.689405
  0.654484  0.662022  0.674781  1.065119  0.755811  0.852476  0.635425
  0.680203  0.846473  0.596353  0.674781  0.000000  0.635425  0.664681
  0.635425  0.753465  0.618317  0.595494  0.024110  0.674781
Q8IGR0_DRO  0.433884  1.052082  0.426115  0.661061  0.022804  0.395340
  0.192414  0.553597  0.672622  0.617562  1.119913  0.223815  0.472962
  0.223815  0.570258  0.601980  0.407273  0.160718  0.377340  0.160718
  0.360695  0.348359  0.192414  0.627222  0.530407  0.333820  0.000010
  0.184355  0.774865  0.383128  0.164789  0.635425  0.000000  0.301031
  0.000010  0.719312  0.432143  0.431711  0.672622  0.192414
Q5D8K9_SCH  0.497182  1.029914  0.417500  0.788470  0.331068  0.368427
  0.216351  0.607102  0.623343  0.641153  1.279915  0.247588  0.553571
  0.247588  0.562404  0.674984  0.589996  0.253645  0.556307  0.253645
  0.418598  0.417585  0.216351  0.762100  0.639493  0.472431  0.301031
  0.156012  0.705390  0.537471  0.189206  0.664681  0.301031  0.000000
  0.301031  0.711964  0.614349  0.369765  0.623343  0.216351
B3N9P3_DRO  0.433884  1.052082  0.426115  0.661061  0.022804  0.395340
  0.192414  0.553597  0.672622  0.617562  1.119913  0.223815  0.472962
  0.223815  0.570258  0.601980  0.407273  0.160718  0.377340  0.160718
  0.360695  0.348359  0.192414  0.627222  0.530407  0.333820  0.000010
  0.184355  0.774865  0.383128  0.164789  0.635425  0.000010  0.301031
  0.000000  0.719312  0.432143  0.431711  0.672622  0.192414
A7APC6_BAB  0.716938  1.128554  0.657119  0.878874  0.711946  0.594316
  0.664933  0.766648  0.754773  0.718374  1.195389  0.716847  0.797534
  0.716847  0.679476  0.677746  0.610184  0.721852  0.576560  0.721852
  0.686157  0.571423  0.664933  0.863567  0.832136  0.683524  0.719312
  0.647526  1.064945  0.724013  0.671757  0.753465  0.719312  0.711964
  0.719312  0.000000  0.459587  0.689477  0.754773  0.664933
Q4N1I7_THE  0.623278  1.219305  0.720888  0.877024  0.463692  0.620846
  0.607939  0.821689  0.658982  0.582813  1.021767  0.654436  0.681287
  0.654436  0.703532  0.581190  0.602530  0.616878  0.568857  0.616878
  0.533936  0.558319  0.607939  0.803297  0.816937  0.584548  0.432143
  0.542081  0.898664  0.537859  0.574463  0.618317  0.432143  0.614349
  0.432143  0.459587  0.000000  0.689930  0.658982  0.607939
A2WPB5_ORY  0.541938  1.014474  0.071276  0.788326  0.434436  0.124884
  0.312613  0.526167  0.573294  0.575602  1.246913  0.345211  0.494723
  0.345211  0.537970  0.559493  0.572963  0.334521  0.541067  0.334521
  0.496852  0.509988  0.312613  0.785653  0.618075  0.670570  0.431711
  0.349154  0.704024  0.420644  0.310818  0.595494  0.431711  0.369765
  0.431711  0.689477  0.689930  0.000000  0.573294  0.312613
Q7RT72_PLA  0.665719  1.336466  0.579628  1.134919  0.672622  0.569534
  0.634065  0.909639  0.000010  0.098469  1.342609  0.679060  0.807399
  0.679060  0.097767  0.073407  0.677328  0.648161  0.644006  0.648161
  0.694065  0.620919  0.634065  1.066284  0.729494  0.853684  0.672622
  0.639567  0.843551  0.574237  0.634065  0.024110  0.672622  0.623343
  0.672622  0.754773  0.658982  0.573294  0.000000  0.634065
Q4R580_MAC  0.479001  1.136699  0.320975  0.679492  0.164297  0.329975
  0.000010  0.561796  0.634065  0.657753  1.242717  0.023083  0.499748
  0.023083  0.532629  0.641782  0.433033  0.047645  0.401615  0.047645
  0.313788  0.315020  0.000010  0.653356  0.557882  0.386719  0.192414
  0.096701  0.724401  0.446994  0.022827  0.674781  0.192414  0.216351
  0.192414  0.664933  0.607939  0.312613  0.634065  0.000000
