>root
1 2 3 4 5 6 7 8 9 10 11 12 13 14 15 16 17 18 19 20 21 22 23 24 25 26 27 28 29 30 $
31 32 33 34 35 36 37 38 39 40 41 42 43 44 45 46 47 48 49 50 51 52 53 54 55 56 57 58 59 60 61 62 63 64 65 66 67 68 69 70 71 72 $
73 74 75 76 77 78 79 80 81 82 83 $
84 85 86 87 88 89 90 91 92 93 94 95 96 97 98 99 100 $
>s003
1 2 3 4 5 6 7 8 9 10 11 12 13 14 -21 -20 -19 -18 -17 -16 -15 22 23 24 25 26 27 28 29 30 $
31 32 33 34 35 36 37 38 39 40 41 42 43 44 45 46 47 48 49 79 80 81 82 83 $
73 74 75 76 77 78 50 51 52 96 97 98 99 100 $
84 85 86 87 88 89 90 91 -55 -54 -53 -95 -94 -93 -92 56 57 58 59 60 61 62 63 64 65 66 67 68 69 70 71 72 $
>s001
1 2 3 4 5 6 7 8 9 10 -15 -14 -13 -12 -11 16 17 18 19 20 21 22 23 24 25 26 27 28 29 30 $
31 32 33 34 35 36 37 38 -44 -43 -42 -41 -40 -39 45 46 47 48 49 50 51 52 53 54 55 56 57 58 59 60 61 62 63 64 65 66 -69 -68 -67 70 71 72 $
73 74 75 76 77 78 79 80 81 82 83 $
84 85 86 87 88 94 95 96 97 98 99 -90 -89 -93 -92 -91 100 $
>s002
84 85 86 87 88 11 12 13 14 15 16 17 18 19 20 21 22 23 24 25 26 27 28 29 30 $
31 32 33 34 35 36 37 38 -44 -43 -42 -41 -40 -39 45 46 47 48 49 -96 -53 -52 -51 -50 97 98 99 100 $
73 74 75 76 77 78 79 80 81 82 83 $
1 2 3 4 5 6 -10 -9 -8 -7 89 90 91 92 93 94 95 54 55 56 57 58 59 60 61 62 63 64 65 66 67 68 69 70 71 72 $
>s004
-100 -99 -98 -97 -96 -52 -51 -50 4 5 6 7 8 9 10 11 12 13 14 15 16 17 18 19 20 21 22 23 24 25 26 27 28 29 30 $
31 32 33 -40 -39 -38 -37 -36 -35 -34 41 42 43 44 45 46 47 48 49 -3 -2 -1 $
73 74 75 76 77 78 79 80 81 82 83 $
84 85 86 87 88 89 90 91 92 93 94 95 53 54 55 56 57 58 59 60 61 62 63 64 65 66 67 68 69 70 71 72 $
>s005
-100 -99 -98 -97 -96 -52 -51 -50 4 5 6 7 8 9 10 11 12 13 14 15 16 17 18 19 20 21 22 23 24 25 26 27 28 29 30 $
31 32 33 34 35 36 37 38 39 40 41 42 43 44 45 46 47 48 49 -3 -2 -1 $
73 74 75 76 77 78 79 80 81 82 83 $
84 85 86 87 88 89 90 91 92 93 94 95 53 54 55 56 57 58 59 60 -68 -67 -66 -65 -64 -63 -62 -61 69 70 71 72 $
