   40
DROME       0.000000  1.319527  0.221090  1.632864  0.940708  0.680989
  0.932743  0.953491  1.181617  1.144499  1.434218  1.212382  1.383115
  1.132500  1.305851  0.470736  1.461717  1.402707  1.559925  1.695457
  1.129190  1.471626  1.046496  0.888199  1.567942  0.723238  1.194293
  1.641744  0.899826  1.566009  1.121627  1.795826  1.108720  1.214007
  1.174048  0.523943  1.015611  0.850298  1.054482  1.210003
CAEBR       1.319527  0.000000  1.125409  1.048642  1.529277  1.035866
  0.870379  1.182229  1.317902  0.990153  1.145917  1.012367  1.188634
  0.984555  0.875622  0.766006  1.192996  1.691819  1.500868  1.436754
  1.119288  1.705084  1.160423  1.180868  1.593570  0.717265  1.116542
  1.119797  0.864565  1.157208  1.550826  1.403147  1.291716  0.987360
  1.184432  0.945831  1.577452  1.364034  0.527042  1.206527
DROER       0.221090  1.125409  0.000000  1.299765  0.892045  0.647307
  0.842684  0.832351  1.108968  1.038946  1.146327  1.072826  1.219558
  0.711628  1.184229  0.549635  1.403253  1.584845  1.155366  1.408891
  0.992645  1.222375  0.961257  0.758135  1.285054  0.632709  1.111551
  1.345803  0.813828  1.267086  1.137283  1.392747  1.300074  1.084351
  0.938050  0.262689  1.097512  0.812438  0.856550  1.129959
CANAL       1.632864  1.048642  1.299765  0.000000  1.425110  0.828259
  0.878320  1.173274  1.315950  0.666674  0.990078  1.031933  1.237553
  1.090587  0.985872  1.123139  1.130039  1.547223  1.144052  1.128277
  1.062562  1.268459  0.609422  1.647523  1.038955  1.408669  0.958485
  0.979811  0.897832  0.613979  1.166858  0.922568  1.420079  1.240126
  0.780381  1.092922  1.656252  1.157677  1.306931  0.987450
PLAF7       0.940708  1.529277  0.892045  1.425110  0.000000  0.736581
  0.985710  1.101185  1.399816  1.009822  0.893579  0.781997  1.204506
  1.062965  1.521172  1.365975  1.207109  1.331953  0.656235  0.835458
  0.999484  0.668472  0.950217  1.271733  0.806243  0.856295  1.228219
  1.560692  1.144209  1.442173  0.923035  0.931835  1.142493  1.206409
  1.008182  1.050033  1.080559  1.114672  1.292099  1.020386
MACFA       0.680989  1.035866  0.647307  0.828259  0.736581  0.000000
  0.240076  0.601647  0.670995  0.676517  0.891047  0.844618  1.140991
  0.838071  0.782568  0.949822  1.078136  1.126194  0.984940  1.209557
  0.772398  1.096389  0.648705  0.775479  0.863404  0.644361  1.034579
  1.206942  0.317166  1.276078  0.814678  0.909283  0.913280  0.914383
  0.888603  0.800981  0.818725  0.433901  0.817539  0.770167
HUMAN       0.932743  0.870379  0.842684  0.878320  0.985710  0.240076
  0.000000  0.913403  1.436489  0.646473  0.834708  0.727298  1.130335
  0.921807  0.752502  0.813287  0.972224  1.474579  1.203442  1.098961
  0.704890  1.399352  0.794316  0.710343  1.153304  0.804581  0.967547
  0.963143  0.415454  1.229420  1.084473  0.982916  1.181212  0.579208
  0.871998  0.723559  0.938695  0.835814  1.062295  0.787407
SCHJA       0.953491  1.182229  0.832351  1.173274  1.101185  0.601647
  0.913403  0.000000  0.921986  1.074595  1.129280  1.305679  1.367455
  1.041623  0.940250  0.996771  1.584614  1.391083  1.309653  1.458162
  1.092854  1.331452  1.036884  1.005096  1.146007  0.966477  1.086845
  1.480605  0.598250  1.557761  1.139149  1.243038  1.454662  1.745520
  1.072425  0.968106  1.122975  0.687858  0.946143  1.024135
MOUSE       1.181617  1.317902  1.108968  1.315950  1.399816  0.670995
  1.436489  0.921986  0.000000  1.241070  1.680280  1.622392  1.469501
  1.074267  0.547596  1.309374  1.798567  1.204494  1.295261  1.499749
  1.488958  1.291477  1.152555  0.575377  1.217323  1.331423  1.380792
  1.751934  0.566565  1.743163  1.208523  1.400041  1.238369  1.173307
  1.347786  1.302908  1.188874  0.430066  1.011468  1.400800
SCHPO       1.144499  0.990153  1.038946  0.666674  1.009822  0.676517
  0.646473  1.074595  1.241070  0.000000  1.004677  0.708640  0.992757
  1.021079  1.017177  1.062045  0.969145  1.409015  1.115169  1.028419
  0.772397  1.167374  0.497241  1.502596  1.069363  0.999043  1.061629
  1.049136  0.805977  0.986132  0.913642  0.893679  1.016350  0.914236
  0.876753  1.019525  1.059714  1.198391  0.972826  0.817523
BABBO       1.434218  1.145917  1.146327  0.990078  0.893579  0.891047
  0.834708  1.129280  1.680280  1.004677  0.000000  0.573615  1.160441
  1.211904  1.123156  0.962198  0.987139  1.618550  1.097472  1.070180
  1.022956  1.251120  1.224281  1.522930  0.964055  1.123399  1.063378
  0.944788  0.880584  1.174590  1.207292  0.812804  1.579078  1.229120
  0.991172  0.891980  1.612632  1.246551  1.364930  0.932914
THEPA       1.212382  1.012367  1.072826  1.031933  0.781997  0.844618
  0.727298  1.305679  1.622392  0.708640  0.573615  0.000000  1.005076
  1.035084  1.263235  1.046610  0.949527  1.475075  0.966566  0.898712
  0.844359  1.104769  0.846874  1.587744  0.912408  1.001272  1.230787
  1.032321  1.021143  1.185507  1.024327  0.879965  1.046595  0.961046
  1.058750  1.082102  1.310003  1.516371  1.072923  0.939720
LEIBR       1.383115  1.188634  1.219558  1.237553  1.204506  1.140991
  1.130335  1.367455  1.469501  0.992757  1.160441  1.005076  0.000000
  1.228926  1.192291  1.165430  0.293392  1.623775  1.626617  1.330697
  1.135401  1.605425  1.213024  1.831981  1.599344  1.177250  1.219409
  1.219156  1.092613  1.206259  1.176325  1.456268  1.325626  1.153422
  1.054183  1.089194  1.737993  1.456191  1.374929  1.122061
NEMVE       1.132500  0.984555  0.711628  1.090587  1.062965  0.838071
  0.921807  1.041623  1.074267  1.021079  1.211904  1.035084  1.228926
  0.000000  0.982723  1.027585  1.264449  1.224038  1.061182  1.283479
  1.149967  1.146500  0.917361  0.936080  1.186394  0.853140  1.177165
  1.121531  1.106199  1.054708  1.127465  1.168250  1.268557  0.953185
  1.033364  0.869916  1.250982  1.086591  0.871179  1.309089
TETNG       1.305851  0.875622  1.184229  0.985872  1.521172  0.782568
  0.752502  0.940250  0.547596  1.017177  1.123156  1.263235  1.192291
  0.982723  0.000000  0.719531  1.213822  1.316033  1.436072  1.212346
  1.168647  1.406073  1.220633  0.905132  1.340060  1.284912  1.040754
  1.158747  0.436403  1.211794  1.221009  1.300499  1.386905  0.710951
  1.125205  0.831685  1.411094  0.572102  1.144899  1.044239
DROSE       0.470736  0.766006  0.549635  1.123139  1.365975  0.949822
  0.813287  0.996771  1.309374  1.062045  0.962198  1.046610  1.165430
  1.027585  0.719531  0.000000  1.141588  1.630115  1.679345  1.297812
  1.115982  1.562435  1.279544  1.018730  1.457819  1.112823  1.015839
  1.018594  0.678428  1.171173  1.439141  1.313309  1.402438  1.025492
  1.062847  0.337071  1.547938  1.081318  0.975824  1.010563
TRYCR       1.461717  1.192996  1.403253  1.130039  1.207109  1.078136
  0.972224  1.584614  1.798567  0.969145  0.987139  0.949527  0.293392
  1.264449  1.213822  1.141588  0.000000  1.427326  1.559887  1.366823
  1.118211  1.688356  1.172299  1.895401  1.445061  1.215704  1.298370
  1.113011  1.207709  1.204447  1.143879  1.339102  1.287991  1.040381
  1.148859  1.146829  1.619557  1.628055  1.457849  1.052198
VITVI       1.402707  1.691819  1.584845  1.547223  1.331953  1.126194
  1.474579  1.391083  1.204494  1.409015  1.618550  1.475075  1.623775
  1.224038  1.316033  1.630115  1.427326  0.000000  1.467364  1.766942
  1.611537  1.604916  1.373774  1.454674  1.345468  1.381701  1.405603
  1.681161  1.496936  1.630001  1.386093  1.649992  0.518445  1.267356
  1.419206  1.601638  0.981550  1.298259  1.608416  1.513483
PLAKH       1.559925  1.500868  1.155366  1.144052  0.656235  0.984940
  1.203442  1.309653  1.295261  1.115169  1.097472  0.966566  1.626617
  1.061182  1.436072  1.679345  1.559887  1.467364  0.000000  0.392936
  1.321835  0.201455  1.073038  1.355686  0.322034  1.283265  1.666447
  1.562609  1.455824  1.363438  1.129651  0.522234  1.317073  1.351258
  1.450816  1.421619  1.247918  1.283169  1.397647  1.381872
PLAYO       1.695457  1.436754  1.408891  1.128277  0.835458  1.209557
  1.098961  1.458162  1.499749  1.028419  1.070180  0.898712  1.330697
  1.283479  1.212346  1.297812  1.366823  1.766942  0.392936  0.000000
  1.168079  0.355898  1.273297  1.716728  0.371899  1.476382  1.462963
  1.297121  1.146586  1.265321  1.236786  0.657606  1.530043  1.286117
  1.269809  1.200097  1.543476  1.581643  1.752346  1.173521
ENTHI       1.129190  1.119288  0.992645  1.062562  0.999484  0.772398
  0.704890  1.092854  1.488958  0.772397  1.022956  0.844359  1.135401
  1.149967  1.168647  1.115982  1.118211  1.611537  1.321835  1.168079
  0.000000  1.366612  0.906621  1.393490  1.302809  0.918373  1.117263
  1.147057  0.850129  1.310293  1.049523  1.130488  1.222348  1.085134
  0.963275  1.013746  1.008957  1.174850  1.215262  0.814496
PLAVI       1.471626  1.705084  1.222375  1.268459  0.668472  1.096389
  1.399352  1.331452  1.291477  1.167374  1.251120  1.104769  1.605425
  1.146500  1.406073  1.562435  1.688356  1.604916  0.201455  0.355898
  1.366612  0.000000  1.184788  1.468116  0.453300  1.323504  1.674127
  1.554069  1.395713  1.474480  1.108393  0.476387  1.532707  1.612215
  1.434974  1.364289  1.359689  1.363655  1.416655  1.379055
YEAST       1.046496  1.160423  0.961257  0.609422  0.950217  0.648705
  0.794316  1.036884  1.152555  0.497241  1.224281  0.846874  1.213024
  0.917361  1.220633  1.279544  1.172299  1.373774  1.073038  1.273297
  0.906621  1.184788  0.000000  1.380794  1.026272  0.945896  1.285727
  1.232473  1.017892  0.888234  0.846257  1.006834  1.035259  1.015995
  0.984851  1.338656  0.991758  1.103499  0.952420  0.986500
RAT         0.888199  1.180868  0.758135  1.647523  1.271733  0.775479
  0.710343  1.005096  0.575377  1.502596  1.522930  1.587744  1.831981
  0.936080  0.905132  1.018730  1.895401  1.454674  1.355686  1.716728
  1.393490  1.468116  1.380794  0.000000  1.525188  0.965499  1.171153
  1.727224  0.656793  1.661791  1.567641  1.783386  1.453637  1.019276
  1.230916  0.910244  1.078071  0.575860  1.010954  1.590152
PLABE       1.567942  1.593570  1.285054  1.038955  0.806243  0.863404
  1.153304  1.146007  1.217323  1.069363  0.964055  0.912408  1.599344
  1.186394  1.340060  1.457819  1.445061  1.345468  0.322034  0.371899
  1.302809  0.453300  1.026272  1.525188  0.000000  1.420216  1.581616
  1.333199  1.185398  1.547847  1.093463  0.317022  1.442881  1.517158
  1.430964  1.439624  1.340960  1.201002  1.326805  1.220606
CAEEL       0.723238  0.717265  0.632709  1.408669  0.856295  0.644361
  0.804581  0.966477  1.331423  0.999043  1.123399  1.001272  1.177250
  0.853140  1.284912  1.112823  1.215704  1.381701  1.283265  1.476382
  0.918373  1.323504  0.945896  0.965499  1.420216  0.000000  1.189599
  1.365705  1.023973  1.336391  1.021570  1.446958  1.157743  1.052050
  0.981409  0.837670  0.983329  0.981072  0.790777  1.049503
ASPCL       1.194293  1.116542  1.111551  0.958485  1.228219  1.034579
  0.967547  1.086845  1.380792  1.061629  1.063378  1.230787  1.219409
  1.177165  1.040754  1.015839  1.298370  1.405603  1.666447  1.462963
  1.117263  1.674127  1.285727  1.171153  1.581616  1.189599  0.000000
  1.227441  0.906737  0.931356  1.357576  1.529736  1.456820  1.354080
  0.593108  0.889939  1.390255  1.063703  1.417077  1.108047
DICDI       1.641744  1.119797  1.345803  0.979811  1.560692  1.206942
  0.963143  1.480605  1.751934  1.049136  0.944788  1.032321  1.219156
  1.121531  1.158747  1.018594  1.113011  1.681161  1.562609  1.297121
  1.147057  1.554069  1.232473  1.727224  1.333199  1.365705  1.227441
  0.000000  1.124935  1.094942  1.352687  1.124628  1.612097  1.148734
  1.103522  1.137641  2.047478  1.570850  1.327676  1.140484
CHICK       0.899826  0.864565  0.813828  0.897832  1.144209  0.317166
  0.415454  0.598250  0.566565  0.805977  0.880584  1.021143  1.092613
  1.106199  0.436403  0.678428  1.207709  1.496936  1.455824  1.146586
  0.850129  1.395713  1.017892  0.656793  1.185398  1.023973  0.906737
  1.124935  0.000000  1.306986  1.195934  1.045504  1.311090  1.143344
  0.883445  0.707747  1.164862  0.348398  0.888019  0.854094
ZYGRO       1.566009  1.157208  1.267086  0.613979  1.442173  1.276078
  1.229420  1.557761  1.743163  0.986132  1.174590  1.185507  1.206259
  1.054708  1.211794  1.171173  1.204447  1.630001  1.363438  1.265321
  1.310293  1.474480  0.888234  1.661791  1.547847  1.336391  0.931356
  1.094942  1.306986  0.000000  1.410465  1.284390  1.403245  1.182970
  0.809824  1.101414  2.018178  1.557900  1.587303  1.326821
PARTE       1.121627  1.550826  1.137283  1.166858  0.923035  0.814678
  1.084473  1.139149  1.208523  0.913642  1.207292  1.024327  1.176325
  1.127465  1.221009  1.439141  1.143879  1.386093  1.129651  1.236786
  1.049523  1.108393  0.846257  1.567641  1.093463  1.021570  1.357576
  1.352687  1.195934  1.410465  0.000000  1.146736  1.196582  1.377165
  1.216504  1.337699  1.120566  1.184512  1.339851  1.015158
PLACH       1.795826  1.403147  1.392747  0.922568  0.931835  0.909283
  0.982916  1.243038  1.400041  0.893679  0.812804  0.879965  1.456268
  1.168250  1.300499  1.313309  1.339102  1.649992  0.522234  0.657606
  1.130488  0.476387  1.006834  1.783386  0.317022  1.446958  1.529736
  1.124628  1.045504  1.284390  1.146736  0.000000  1.531097  1.337170
  1.337406  1.357512  1.554568  1.373630  1.442970  1.103906
ARATH       1.108720  1.291716  1.300074  1.420079  1.142493  0.913280
  1.181212  1.454662  1.238369  1.016350  1.579078  1.046595  1.325626
  1.268557  1.386905  1.402438  1.287991  0.518445  1.317073  1.530043
  1.222348  1.532707  1.035259  1.453637  1.442881  1.157743  1.456820
  1.612097  1.311090  1.403245  1.196582  1.531097  0.000000  1.091147
  1.298152  1.592496  0.884607  1.312431  1.322258  1.251491
DANRE       1.214007  0.987360  1.084351  1.240126  1.206409  0.914383
  0.579208  1.745520  1.173307  0.914236  1.229120  0.961046  1.153422
  0.953185  0.710951  1.025492  1.040381  1.267356  1.351258  1.286117
  1.085134  1.612215  1.015995  1.019276  1.517158  1.052050  1.354080
  1.148734  1.143344  1.182970  1.377165  1.337170  1.091147  0.000000
  1.190061  0.911669  1.289098  1.292959  1.305942  1.171840
YARLI       1.174048  1.184432  0.938050  0.780381  1.008182  0.888603
  0.871998  1.072425  1.347786  0.876753  0.991172  1.058750  1.054183
  1.033364  1.125205  1.062847  1.148859  1.419206  1.450816  1.269809
  0.963275  1.434974  0.984851  1.230916  1.430964  0.981409  0.593108
  1.103522  0.883445  0.809824  1.216504  1.337406  1.298152  1.190061
  0.000000  0.834752  1.440855  1.011993  1.364687  1.003381
DROMO       0.523943  0.945831  0.262689  1.092922  1.050033  0.800981
  0.723559  0.968106  1.302908  1.019525  0.891980  1.082102  1.089194
  0.869916  0.831685  0.337071  1.146829  1.601638  1.421619  1.200097
  1.013746  1.364289  1.338656  0.910244  1.439624  0.837670  0.889939
  1.137641  0.707747  1.101414  1.337699  1.357512  1.592496  0.911669
  0.834752  0.000000  1.475210  0.972869  1.183411  1.005894
ORYSA       1.015611  1.577452  1.097512  1.656252  1.080559  0.818725
  0.938695  1.122975  1.188874  1.059714  1.612632  1.310003  1.737993
  1.250982  1.411094  1.547938  1.619557  0.981550  1.247918  1.543476
  1.008957  1.359689  0.991758  1.078071  1.340960  0.983329  1.390255
  2.047478  1.164862  2.018178  1.120566  1.554568  0.884607  1.289098
  1.440855  1.475210  0.000000  1.056131  1.393026  1.132155
XENTR       0.850298  1.364034  0.812438  1.157677  1.114672  0.433901
  0.835814  0.687858  0.430066  1.198391  1.246551  1.516371  1.456191
  1.086591  0.572102  1.081318  1.628055  1.298259  1.283169  1.581643
  1.174850  1.363655  1.103499  0.575860  1.201002  0.981072  1.063703
  1.570850  0.348398  1.557900  1.184512  1.373630  1.312431  1.292959
  1.011993  0.972869  1.056131  0.000000  1.031461  1.183232
BRUMA       1.054482  0.527042  0.856550  1.306931  1.292099  0.817539
  1.062295  0.946143  1.011468  0.972826  1.364930  1.072923  1.374929
  0.871179  1.144899  0.975824  1.457849  1.608416  1.397647  1.752346
  1.215262  1.416655  0.952420  1.010954  1.326805  0.790777  1.417077
  1.327676  0.888019  1.587303  1.339851  1.442970  1.322258  1.305942
  1.364687  1.183411  1.393026  1.031461  0.000000  1.374813
GIALA       1.210003  1.206527  1.129959  0.987450  1.020386  0.770167
  0.787407  1.024135  1.400800  0.817523  0.932914  0.939720  1.122061
  1.309089  1.044239  1.010563  1.052198  1.513483  1.381872  1.173521
  0.814496  1.379055  0.986500  1.590152  1.220606  1.049503  1.108047
  1.140484  0.854094  1.326821  1.015158  1.103906  1.251491  1.171840
  1.003381  1.005894  1.132155  1.183232  1.374813  0.000000
